1.000000000000000000e+00 0.000000000000000000e+00 0.000000000000000000e+00
9.995015891261738172e-01 3.156854976481052871e-02 9.679312022856775832e-02
9.980068533314934154e-01 6.310563131267364623e-02 1.694048067544597636e-01
9.955172826011059461e-01 9.457980779484494172e-02 1.996947756440757560e-01
9.920353585932577545e-01 1.259597050677175589e-01 1.800958064913503187e-01
9.875645521655237458e-01 1.572140429672507778e-01 1.155042304827177124e-01
9.821093199149804054e-01 1.883116664897178660e-01 2.205669978225501676e-02
9.756750997357735988e-01 2.192215768476913351e-01 -7.690116700640214908e-02
9.682683053985071675e-01 2.499129623703083558e-01 -1.566471263037780837e-01
9.598963201568569970e-01 2.803552292170144455e-01 -1.972585676676005539e-01
9.505674893877829046e-01 3.105180318741688206e-01 -1.885896989734874019e-01
9.402911122726755888e-01 3.403713034041128127e-01 -1.328062286220863253e-01
9.290774325277305623e-01 3.698852854165468051e-01 -4.384431536953829062e-02
9.169376281927887895e-01 3.990305577323409736e-01 5.607104584340294462e-02
9.038838004888235522e-01 4.277780677102095974e-01 1.419784044782665400e-01
8.899289617551803255e-01 4.560991592070159362e-01 1.924158726188925361e-01
8.750870224785937124e-01 4.839656011428387639e-01 1.947828616171075611e-01
8.593727774269119823e-01 5.113496156423267269e-01 1.484880361858565700e-01
8.428018909013506033e-01 5.382239057242885760e-01 6.509704530204220296e-02
8.253908811219762276e-01 5.645616825119180726e-01 -3.455687709481979064e-02
8.071571037619853506e-01 5.903366919365283794e-01 -1.255775946681716437e-01
7.881187346471923982e-01 6.155232409081792255e-01 -1.852257697215682619e-01
7.682947516379707853e-01 6.400962229271071058e-01 -1.985997399557339338e-01
7.477049157117091616e-01 6.640311431104312101e-01 -1.623583404842042222e-01
7.263697512646394294e-01 6.873041426091842654e-01 -8.555561354204195557e-02
7.043105256526721591e-01 7.098920223913328664e-01 1.262112626253477331e-02
6.815492279916337548e-01 7.317722663670768180e-01 1.076447811448578290e-01
6.581085472380376888e-01 7.529230638333770376e-01 1.757759757722920091e-01
6.340118495722386616e-01 7.733233312153390271e-01 1.999937693788312598e-01
6.092831551065166495e-01 7.929527330827785825e-01 1.742479285476918882e-01
5.839471139413062728e-01 8.117917024210207222e-01 1.049704325528938720e-01
5.580289815934401654e-01 8.298214601357257747e-01 9.468597994311739319e-03
5.315545938209014221e-01 8.470240337722988455e-01 -8.839873810111577301e-02
5.045503408691774938e-01 8.633822754312233672e-01 -1.641817750258523501e-01
4.770431411648895503e-01 8.788798788614603508e-01 -1.989479432041313944e-01
4.490604144829201672e-01 8.935013957148740804e-01 -1.840117514676349597e-01
4.206300546137841656e-01 9.072322509454814332e-01 -1.231046481816356064e-01
3.917804015584931410e-01 9.200587573381745488e-01 -3.144280859345012502e-02
3.625402132786245679e-01 9.319681291524347655e-01 6.807426068082234050e-02
3.329386370297610642e-01 9.429484948674370370e-01 1.505846127666755352e-01
3.030051803068727345e-01 9.529889090158392140e-01 1.954750201533414500e-01
2.727696814306032058e-01 9.620793630944628472e-01 1.915306939431860034e-01
2.422622798037831759e-01 9.702107955409863260e-01 1.397370291986612112e-01
2.115133858678190648e-01 9.773751007667071944e-01 5.303342767973588667e-02
1.805536507889023146e-01 9.835651372363698464e-01 -4.691930055847332720e-02
1.494139359042609416e-01 9.887747345870026017e-01 -1.351503697247217750e-01
1.181252819589080488e-01 9.929986997786696135e-01 -1.896173687001018182e-01
8.671887816355072776e-02 9.962328222710067349e-01 -1.967130274472739526e-01
5.522603110450816782e-02 9.984738782203788077e-01 -1.546646662430678776e-01
2.367813353662409984e-02 9.997196336934779382e-01 -7.397705708330969132e-02
-7.893366909713310509e-03 9.999688468941563269e-01 2.519194101354359921e-02
-3.945699907625269814e-02 9.992212694012756469e-01 1.180673383873055426e-01
-7.098129964801599967e-02 9.974776464163387368e-01 1.814464501890963866e-01
-1.024348445166132909e-01 9.947397160206569167e-01 1.994955292832677474e-01
-1.337862801044790162e-01 9.910102074427921126e-01 1.677054472474756308e-01
-1.650043546187993093e-01 9.862928383380027419e-01 9.401819168720045028e-02
-1.960579492039780103e-01 9.805923110824040778e-01 -3.157248402727296475e-03
-2.269161089615900351e-01 9.739143080855378054e-01 -9.954392589513630374e-02
-2.575480738068967046e-01 9.662654861260218109e-01 -1.710619470320824120e-01
-2.879233091311663717e-01 9.576534697159295728e-01 -1.998442538802551183e-01
-3.180115362392381129e-01 9.480868435005095352e-01 -1.787002791429750104e-01
-3.477827625319823701e-01 9.375751437008250644e-01 -1.129123365023836090e-01
-3.772073114035759400e-01 9.261288486078412818e-01 -1.891596155896927214e-02
-4.062558518237890381e-01 9.137593681374367449e-01 7.980611154646834182e-02
-4.348994275757929739e-01 9.004790324567516491e-01 1.585905466165556388e-01
-4.631094861203476909e-01 8.863010796932087043e-01 1.977549469174004482e-01
-4.908579070575935233e-01 8.712396427384596631e-01 1.875150287401652349e-01
-5.181170301580775295e-01 8.553097351604117549e-01 1.304289894230369340e-01
-5.448596829350704773e-01 8.385272362373773491e-01 4.075840325803019304e-02
-5.710592077306947401e-01 8.209088751292625830e-01 -5.909468992693398676e-02
-5.966894882888559293e-01 8.024722142015779935e-01 -1.441843957629430628e-01
-6.217249757884950601e-01 7.832356315188905294e-01 -1.932530972252042289e-01
-6.461407143112098961e-01 7.632183025251684239e-01 -1.940421591081971098e-01
-6.699123657178552849e-01 7.424401809292831000e-01 -1.463544532734151471e-01
-6.930162339093317581e-01 7.209219788147164243e-01 -6.210360637483371832e-02
-7.154292884473711922e-01 6.986851459933065556e-01 3.766233329794336365e-02
-7.371291875117788051e-01 6.757518486236088195e-01 1.280192445854210770e-01
-7.580943001712453500e-01 6.521449471151867794e-01 1.863936258304866866e-01
-7.783037279455300439e-01 6.278879733408583297e-01 1.982020414885583837e-01
-7.977373256375193122e-01 6.030051071796145301e-01 1.604944428403154988e-01
-8.163757214143990693e-01 5.775211524135885899e-01 8.269116673042695154e-02
-8.342003361179174403e-01 5.514615120031075568e-01 -1.577050908149488923e-02
-8.511934017844945410e-01 5.248521627644684440e-01 -1.102923024006209340e-01
-8.673379793567147500e-01 4.977196294756829897e-01 -1.772602159386419685e-01
-8.826179755685469308e-01 4.700909584360029592e-01 -1.999439267386955987e-01
-8.970181589874635097e-01 4.419936905055791287e-01 -1.726764550862446845e-01
-9.105241751974622044e-01 4.134558336521341748e-01 -1.022699231284656118e-01
-9.231225611078606175e-01 3.845058350320110230e-01 -6.313709952962698151e-03
-9.348007583735982173e-01 3.551725526334286176e-01 9.121983184140242118e-02
-9.455471259136670747e-01 3.254852265102116116e-01 1.659642920271453270e-01
-9.553509515151947795e-01 2.954734496346700379e-01 1.992465644542013581e-01
-9.642024625116116798e-01 2.651671383986787256e-01 1.827518736274874323e-01
-9.720928355242569596e-01 2.345965027923688773e-01 1.206010214359233279e-01
-9.790142052577144316e-01 2.037920162901523391e-01 2.832090388499109573e-02
-9.849596723401105036e-01 1.727843854740994112e-01 -7.103451052668602328e-02
-9.899233102005571272e-01 1.416045194249515859e-01 -1.526436605050337791e-01
-9.939001709768877646e-01 1.102834989112750769e-01 -1.961184622164807989e-01
-9.968862904477931997e-01 7.885254540747660412e-02 -1.905977818031679705e-01
-9.988786919844435674e-01 4.734298997155820393e-02 -1.374608285218373582e-01
-9.998753895176573092e-01 1.578624201363681978e-02 -4.998259247406123401e-02
-9.998753895176573092e-01 -1.578624201363701754e-02 4.998259247406185157e-02
-9.988786919844435674e-01 -4.734298997155796107e-02 1.374608285218367754e-01
-9.968862904477931997e-01 -7.885254540747635432e-02 1.905977818031677484e-01
-9.939001709768878756e-01 -1.102834989112748271e-01 1.961184622164809377e-01
-9.899233102005571272e-01 -1.416045194249517802e-01 1.526436605050333628e-01
-9.849596723401105036e-01 -1.727843854740996332e-01 7.103451052668544041e-02
-9.790142052577145426e-01 -2.037920162901521171e-01 -2.832090388499032205e-02
-9.720928355242569596e-01 -2.345965027923686275e-01 -1.206010214359227034e-01
-9.642024625116117909e-01 -2.651671383986785036e-01 -1.827518736274871269e-01
-9.553509515151948905e-01 -2.954734496346698158e-01 -1.992465644542014136e-01
-9.455471259136670747e-01 -3.254852265102118336e-01 -1.659642920271449662e-01
-9.348007583735983284e-01 -3.551725526334283956e-01 -9.121983184140311507e-02
-9.231225611078607285e-01 -3.845058350320107454e-01 6.313709952961914056e-03
-9.105241751974622044e-01 -4.134558336521339528e-01 1.022699231284649457e-01
-8.970181589874636208e-01 -4.419936905055789067e-01 1.726764550862442960e-01
-8.826179755685468198e-01 -4.700909584360031257e-01 1.999439267386955987e-01
-8.673379793567146390e-01 -4.977196294756831563e-01 1.772602159386416631e-01
-8.511934017844946521e-01 -5.248521627644683329e-01 1.102923024006215724e-01
-8.342003361179175513e-01 -5.514615120031073348e-01 1.577050908149566985e-02
-8.163757214143991803e-01 -5.775211524135884789e-01 -8.269116673042622989e-02
-7.977373256375195343e-01 -6.030051071796143081e-01 -1.604944428403150547e-01
-7.783037279455299329e-01 -6.278879733408584407e-01 -1.982020414885584392e-01
-7.580943001712454610e-01 -6.521449471151865573e-01 -1.863936258304869642e-01
-7.371291875117790271e-01 -6.757518486236087085e-01 -1.280192445854216599e-01
-7.154292884473714143e-01 -6.986851459933063335e-01 -3.766233329794412693e-02
-6.930162339093319801e-01 -7.209219788147162022e-01 6.210360637483297586e-02
-6.699123657178550628e-01 -7.424401809292832111e-01 1.463544532734155634e-01
-6.461407143112101181e-01 -7.632183025251682018e-01 1.940421591081969432e-01
-6.217249757884952821e-01 -7.832356315188904183e-01 1.932530972252044232e-01
-5.966894882888557072e-01 -8.024722142015781046e-01 1.441843957629426187e-01
-5.710592077306949621e-01 -8.209088751292624719e-01 5.909468992693472922e-02
-5.448596829350703663e-01 -8.385272362373774602e-01 -4.075840325803081060e-02
-5.181170301580777515e-01 -8.553097351604116438e-01 -1.304289894230363234e-01
-4.908579070575937453e-01 -8.712396427384595521e-01 -1.875150287401649574e-01
-4.631094861203475244e-01 -8.863010796932088153e-01 -1.977549469174003649e-01
-4.348994275757931960e-01 -9.004790324567515380e-01 -1.585905466165561384e-01
-4.062558518237888716e-01 -9.137593681374367449e-01 -7.980611154646774508e-02
-3.772073114035763286e-01 -9.261288486078410598e-01 1.891596155896778375e-02
-3.477827625319824256e-01 -9.375751437008250644e-01 1.129123365023835673e-01
-3.180115362392378908e-01 -9.480868435005096462e-01 1.787002791429753157e-01
-2.879233091311666493e-01 -9.576534697159294618e-01 1.998442538802551460e-01
-2.575480738068964826e-01 -9.662654861260219219e-01 1.710619470320820790e-01
-2.269161089615904792e-01 -9.739143080855376944e-01 9.954392589513759437e-02
-1.960579492039780380e-01 -9.805923110824040778e-01 3.157248402727370201e-03
-1.650043546187988930e-01 -9.862928383380027419e-01 -9.401819168720162989e-02
-1.337862801044792660e-01 -9.910102074427921126e-01 -1.677054472474752145e-01
-1.024348445166130966e-01 -9.947397160206570277e-01 -1.994955292832678029e-01
-7.098129964801623559e-02 -9.974776464163387368e-01 -1.814464501890967196e-01
-3.945699907625271896e-02 -9.992212694012756469e-01 -1.180673383873055843e-01
-7.893366909713777149e-03 -9.999688468941563269e-01 -2.519194101354508414e-02
2.367813353662385698e-02 -9.997196336934779382e-01 7.397705708330895580e-02
5.522603110450836211e-02 -9.984738782203788077e-01 1.546646662430682662e-01
8.671887816355047796e-02 -9.962328222710067349e-01 1.967130274472738138e-01
1.181252819589080350e-01 -9.929986997786696135e-01 1.896173687001018460e-01
1.494139359042604698e-01 -9.887747345870026017e-01 1.351503697247228575e-01
1.805536507889020925e-01 -9.835651372363699574e-01 4.691930055847408354e-02
2.115133858678192591e-01 -9.773751007667071944e-01 -5.303342767973651117e-02
2.422622798037829261e-01 -9.702107955409863260e-01 -1.397370291986606561e-01
2.727696814306031503e-01 -9.620793630944628472e-01 -1.915306939431859756e-01
3.030051803068722904e-01 -9.529889090158394360e-01 -1.954750201533417553e-01
3.329386370297610642e-01 -9.429484948674370370e-01 -1.505846127666755907e-01
3.625402132786247344e-01 -9.319681291524347655e-01 -6.807426068082174375e-02
3.917804015584929189e-01 -9.200587573381745488e-01 3.144280859344935480e-02
4.206300546137843321e-01 -9.072322509454813222e-01 1.231046481816361060e-01
4.490604144829197786e-01 -8.935013957148743025e-01 1.840117514676343768e-01
4.770431411648895503e-01 -8.788798788614603508e-01 1.989479432041313944e-01
5.045503408691777159e-01 -8.633822754312232561e-01 1.641817750258519615e-01
5.315545938209012000e-01 -8.470240337722989565e-01 8.839873810111648078e-02
5.580289815934402764e-01 -8.298214601357257747e-01 -9.468597994312020344e-03
5.839471139413059397e-01 -8.117917024210209442e-01 -1.049704325528925813e-01
6.092831551065166495e-01 -7.929527330827785825e-01 -1.742479285476918605e-01
6.340118495722388836e-01 -7.733233312153389161e-01 -1.999937693788312598e-01
6.581085472380374668e-01 -7.529230638333771486e-01 -1.757759757722923699e-01
6.815492279916339768e-01 -7.317722663670767069e-01 -1.076447811448572878e-01
7.043105256526719371e-01 -7.098920223913330885e-01 -1.262112626253591129e-02
7.263697512646393184e-01 -6.873041426091842654e-01 8.555561354204188618e-02
7.477049157117087175e-01 -6.640311431104316542e-01 1.623583404842031397e-01
7.682947516379705633e-01 -6.400962229271073278e-01 1.985997399557338505e-01
7.881187346471925093e-01 -6.155232409081790035e-01 1.852257697215680121e-01
8.071571037619851285e-01 -5.903366919365287124e-01 1.255775946681725319e-01
8.253908811219762276e-01 -5.645616825119180726e-01 3.455687709481986003e-02
8.428018909013503812e-01 -5.382239057242890201e-01 -6.509704530204078743e-02
8.593727774269118713e-01 -5.113496156423268379e-01 -1.484880361858562925e-01
8.750870224785938234e-01 -4.839656011428385418e-01 -1.947828616171076999e-01
8.899289617551801035e-01 -4.560991592070162137e-01 -1.924158726188928692e-01
9.038838004888235522e-01 -4.277780677102095419e-01 -1.419784044782664845e-01
9.169376281927885675e-01 -3.990305577323414177e-01 -5.607104584340437403e-02
9.290774325277304513e-01 -3.698852854165469717e-01 4.384431536953786734e-02
9.402911122726755888e-01 -3.403713034041126462e-01 1.328062286220867971e-01
9.505674893877827936e-01 -3.105180318741690981e-01 1.885896989734870965e-01
9.598963201568569970e-01 -2.803552292170143345e-01 1.972585676676004984e-01
9.682683053985070565e-01 -2.499129623703087999e-01 1.566471263037789996e-01
9.756750997357735988e-01 -2.192215768476914461e-01 7.690116700640246827e-02
9.821093199149804054e-01 -1.883116664897176162e-01 -2.205669978225582514e-02
9.875645521655236347e-01 -1.572140429672510553e-01 -1.155042304827170047e-01
9.920353585932578655e-01 -1.259597050677174757e-01 -1.800958064913504575e-01
9.955172826011058351e-01 -9.457980779484538580e-02 -1.996947756440758392e-01
9.980068533314933044e-01 -6.310563131267371562e-02 -1.694048067544599023e-01
9.995015891261738172e-01 -3.156854976481024422e-02 -9.679312022856695341e-02
1.000000000000000000e+00 -2.449293598294706414e-16 -7.837739514543060920e-16
